 &PARAM
 ne = 199
 tend = 120
 zex = 40
 q1 = 1400
 q2 = 1400
 q3 = 30000
 i1 = 0.013
 i2 = 0.013
 th1 = 0
 th2 = 0
 a1 = 1
 a2 = 1
 dtr1 = 0.3
 dtr2 = 0.3
 dcir1 = 0
 dcir2 = 0
 r1 = 0.25
 r2 = 0.25
 f10 = 0.033397679068901
 f20 = 0.033397679068901
 f30 = 0.033397679068901
 p10 = 0
 p20 = 3.1415926535897932384626433832795
 p30 = 0
 dt = 0.002
 dz = 0.01
 pitch = 1.2
 /
